alpha/nu = 0.173989 +- 0.0116621
gamma/nu = 1.64549 +- 0.0161971
beta_c = 0.353106 +- 0.00152756
_nu = 1.4827 +- 0.276296
