alpha/nu = 0.260856 +- 0.00252131
gamma/nu = 1.70909 +- 0.00360974
beta_c = 0.442273 +- 0.000286419
_nu = 0.950668 +- 0.0169104
