alpha/nu = 0.263539 +- 0.00274171
gamma/nu = 1.70865 +- 0.00366405
beta_c = 0.440949 +- 0.000422815
_nu = 1.01225 +- 0.0228137


# old
alpha/nu = 0.260856 +- 0.00252131
gamma/nu = 1.70909 +- 0.00360974
beta_c = 0.442273 +- 0.000286419
_nu = 0.950668 +- 0.0169104

# 30/01/2023
alpha/nu = 0.267942 +- 0.0025261
gamma/nu = 1.71003 +- 0.00350432
beta_c = 0.440179 +- 0.00043385
_nu = 1.07203 +- 0.0227125
