alpha/nu = 0.26906 +- 0.00348956
gamma/nu = 1.72655 +- 0.0048778
beta_c = 0.656126 +- 0.00099135
_nu = 1.14066 +- 0.0522937


#old
alpha/nu = 0.278883 +- 0.00576573
gamma/nu = 1.7227 +- 0.00679143
beta_c = 0.627382 +- 0.000799592
_nu = 4.5066 +- 0.295761

