alpha/nu = 0.260442 +- 0.00360193
gamma/nu = 1.69411 +- 0.00438258
beta_c = 0.273282 +- 0.000211987
_nu = 1.07728 +- 0.0208522


#old
alpha/nu = 0.276021 +- 0.0041219
gamma/nu = 1.69641 +- 0.00463006
beta_c = 0.274769 +- 0.000790852
_nu = 0.984358 +- 0.047176
alpha/nu = 0.260442 +- 0.00360193
gamma/nu = 1.69411 +- 0.00438258
beta_c = 0.273282 +- 0.000211987
_nu = 1.07728 +- 0.0208522
