alpha/nu = 0.261874 +- 0.00700503
gamma/nu = 1.64947 +- 0.00715609
beta_c = 0.467098 +- 0.00376649
_nu = 0.951227 +- 0.11014
